4294967279,45
4294967279,43
4294967279,42
4294967278,324
4294967278,253
4294967278,250
4294967278,424
4294967278,246
4294967278,244
4294967278,242
4294967279,41
4294967278,240
4294967278,236
4294967278,2
4294967278,174
4294967279,39
4294967279,38
4294967279,36
4294967279,34
4294967278,443
4294967278,230
4294967278,228
4294967278,224
4294967278,220
4294967278,218
4294967278,214
4294967279,32
4294967279,29
4294967279,24
4294967279,22
4294967279,21
4294967279,19
4294967279,18
4294967279,15
4294967279,14
4294967278,213
4294967278,301
4294967278,210
4294967278,208
4294967278,207
4294967279,515
4294967279,319
4294967278,204
4294967278,202
4294967278,201
4294967278,320
4294967279,318
4294967278,198
4294967294,30
4294967294,61
4294967294,93
4294967294,95
4294967278,197
4294967294,423
4294967294,416
4294967294,50
4294967294,12
4294967294,472
4294967294,1016
4294967294,27
4294967294,92
4294967294,88
4294967294,11
4294967294,81
4294967294,68
4294967279,13
4294967279,11
4294967279,10
4294967278,195
4294967279,195
4294967278,194
4294967279,194
4294967278,422
4294967278,192
4294967279,260
4294967279,0
4294967278,429
4294967279,310
4294967278,187
4294967279,187
4294967278,186
4294967278,185
4294967278,184
4294967278,183
4294967279,183
4294967278,182
4294967278,181
4294967278,180
4294967278,179
4294967279,179
4294967278,178
4294967279,178
4294967278,177
4294967278,176
4294967278,175
4294967294,1100
4294967294,82
4294967294,1415
4294967279,173
4294967279,170
4294967294,22
4294967294,17
4294967294,67
4294967294,99
4294967294,76
4294967294,436
4294967294,43
4294967294,51
4294967294,52
4294967294,25
4294967294,1018
4294967294,26
4294967294,83
4294967294,7
4294967294,6
4294967278,132
4294967278,397
4294967278,131
4294967278,130
4294967278,129
4294967278,128
4294967278,127
4294967278,432
4294967278,126
4294967278,369
4294967278,125
4294967278,386
4294967278,124
4294967278,123
4294967278,362
4294967278,122
4294967278,121
4294967278,120
4294967278,119
4294967278,118
4294967278,117
4294967278,416
4294967278,116
4294967278,353
4294967278,115
4294967278,408
4294967278,114
4294967278,113
4294967278,368
4294967278,112
4294967278,111
4294967278,110
4294967278,423
4294967278,109
4294967278,227
4294967278,108
4294967278,107
4294967278,106
4294967278,105
4294967278,104
4294967278,436
4294967278,103
4294967278,102
4294967278,101
4294967278,323
4294967278,100
4294967278,99
4294967278,98
4294967278,402
4294967278,97
4294967278,373
4294967278,96
4294967278,95
4294967278,355
4294967278,94
4294967278,442
4294967278,93
4294967278,282
4294967278,92
4294967278,384
4294967278,91
4294967278,377
4294967278,90
4294967278,89
4294967278,87
4294967278,430
4294967278,86
4294967278,85
4294967278,84
4294967278,375
4294967278,83
4294967278,82
4294967278,81
4294967278,80
4294967278,79
4294967278,325
4294967278,78
4294967278,275
4294967278,77
4294967278,76
4294967278,75
4294967278,74
4294967278,73
4294967278,351
4294967278,72
4294967278,71
4294967278,398
4294967278,70
4294967278,363
4294967278,69
4294967278,339
4294967278,68
4294967278,322
4294967278,67
4294967278,66
4294967278,65
4294967278,64
4294967278,63
4294967278,62
4294967278,61
4294967278,348
4294967278,0
4294967278,260
4294967279,174
4294967279,362
4294967279,354
4294967279,78
4294967279,77
4294967279,75
4294967279,72
4294967279,341
4294967279,67
4294967279,66
4294967279,301
4294967279,60
4294967279,58
4294967279,53
4294967279,267
4294967279,48
4294967279,47
4294967279,46
4294967279,156
4294967279,44
4294967279,340
4294967279,40
4294967279,353
4294967279,37
4294967279,35
4294967279,33
4294967279,31
4294967279,30
4294967279,352
4294967279,28
4294967279,540
4294967279,27
4294967279,26
4294967279,25
4294967279,23
4294967279,20
4294967279,281
4294967279,357
4294967279,17
4294967279,350
4294967279,16
4294967279,12
4294967279,273
4294967279,383
4294967279,9
4294967279,326
4294967279,8
4294967279,7
4294967279,6
4294967279,5
4294967279,4
4294967279,268
4294967279,305
4294967294,5
0,5
4294967294,1097
4294967294,0
4294967278,300
493,5
493,4
493,3
493,2
493,1
4294967279,317
491,5
491,4
491,3
491,2
491,1
4294967278,299
4294967279,316
4294967278,298
487,5
487,4
487,3
487,2
487,1
4294967278,417
4294967278,297
4294967279,315
4294967278,296
484,5
484,4
484,3
484,2
484,1
4294967278,295
4294967294,1416
481,5
481,4
481,3
481,2
481,1
480,5
480,4
480,3
480,2
480,1
479,6
479,5
479,4
479,3
479,2
479,1
4294967278,407
4294967278,294
4294967294,474
4294967279,575
476,6
476,5
476,4
476,3
476,2
476,1
4294967278,292
4294967278,291
473,6
473,5
473,4
473,3
473,2
473,1
4294967278,290
4294967278,289
4294967279,251
4294967279,314
4294967294,1420
4294967294,1418
4294967279,313
470,6
470,5
470,4
470,3
470,2
470,1
